[Snapshot]
Song=SlowHip80erDream.ini
Type=DynamicRef
; --- GLOBALS ---
Global_Crossfade=0.5000000
CF_Audio_0=1.0000000
CF_Audio_1=1.0000000
CF_Audio_2=1.0000000
CF_Audio_3=1.0000000
CF_Audio_4=1.0000000
CF_Audio_5=1.0000000
CF_Audio_6=1.0000000
CF_Audio_7=1.0000000
CF_Genos_0=0.0000000
CF_Genos_1=1.0000000
CF_Genos_2=1.0000000
CF_Genos_3=0.0000000
CF_Genos_4=1.0000000
CF_Genos_5=1.0000000
CF_Genos_6=1.0000000
CF_Genos_7=1.0000000
CF_Genos_8=0.0000000
CF_Genos_9=0.0000000
CF_Genos_10=1.0000000
CF_Genos_11=1.0000000
CF_Genos_12=1.0000000
CF_Genos_13=1.0000000
CF_Genos_14=1.0000000
CF_Genos_15=1.0000000
ControllerMap=SlowHip80erDream
Opt_Autopilot=0.0000000
Opt_TimeJump=0.0000000
Opt_AnchorPlay=0.0000000

; --- VST ---
VST1_Name=Omnisphere
VST1_Format=VST3
VST1_Preset=SlowHip80erDream
VST2_Name=Analog Lab V
VST2_Format=VST3
VST2_Preset=SlowHip80erDream
VST3_Name=TRITON Extreme
VST3_Format=VST3
VST3_Preset=Think Pad

; --- RECH ---
RECH_114=1.0000000
RECH_115=1.0000000
RECH_119=1.0000000
RECH_179=0.0000000
RECH_195=1.0000000
RECH_196=0.0000000
RECH_213=0.0000000
RECH_230=0.0000000

; --- Ch 1 (Active) ---
Ch1_Usage=Pad
Ch1_Scope=1
Ch1_NP_p_SplitMin=0.4488189
Ch1_NP_p_PassVolume=1.0000000
Ch1_NP_p_PassExpression=1.0000000
Ch1_NP_p_MaxNote=1.0000000

; --- Ch 2 (Active) ---
Ch2_Usage=Phrase 1
Ch2_NP_p_Transpose=0.7500000
Ch2_NP_p_PassVolume=1.0000000
Ch2_NP_p_PassExpression=1.0000000
Ch2_NP_p_MinKeys=0.5000000
Ch2_NP_p_OctaveOffset=0.6666667

; --- Ch 3 (Active) ---
Ch3_Usage=Phrase 2
Ch3_NP_p_PassVolume=1.0000000
Ch3_NP_p_PassExpression=1.0000000
Ch3_NP_p_OctaveOffset=0.6666667

; --- Ch 4 (Active) ---
Ch4_Usage=Strings 1
Ch4_NP_p_Transpose=0.6250000
Ch4_NP_p_PassVolume=1.0000000
Ch4_NP_p_PassExpression=1.0000000
Ch4_NP_p_OctaveOffset=0.6666667

; --- Ch 8 (Active) ---
Ch8_Usage=Bells 1
Ch8_NP_p_MonoLowest=1.0000000

; --- Ch 11 (Active) ---
Ch11_Usage=Bells 2
Ch11_NP_p_SplitMin=0.7007874
Ch11_NP_p_Transpose=0.2500000
Ch11_NP_p_PassVolume=1.0000000
Ch11_NP_p_PassExpression=1.0000000
Ch11_NP_p_MinNote=0.7007874
Ch11_NP_p_MaxNote=1.0000000
Ch11_NP_p_FadeIn=0.0393701

; --- Ch 12 (Active) ---
Ch12_Usage=PolySynth 1
Ch12_NP_p_SplitMin=0.4488189
Ch12_NP_p_SplitMax=0.7244095
Ch12_NP_p_Transpose=0.6250000
Ch12_NP_p_PassVolume=1.0000000
Ch12_NP_p_PassExpression=1.0000000
Ch12_NP_p_MaxNote=0.7244095
Ch12_NP_p_FadeIn=0.1181102
Ch12_NP_p_LatchMode=1.0000000
Ch12_NP_p_MinKeys=0.5000000

; --- Ch 13 (Active) ---
Ch13_Usage=Choir 1
Ch13_NP_p_Transpose=0.8750000
Ch13_NP_p_ChordMode=1.0000000
Ch13_NP_p_MinKeys=0.5000000
Ch13_NP_p_OctaveOffset=0.6666667

[Looper]

[Timeline]
Event_1=1, Marker, 1, 333
Event_2=1, Marker, 2, 59
Event_3=1, Marker, 3, 1552
