[Snapshot]
Song=VSTPlayMode.ini
Type=DynamicRef

; --- GLOBAL SETTINGS ---
ControllerMap=Default
Opt_SyncMode=3
Opt_Autopilot=0.0000000
Opt_TimeJump=0.0000000
Opt_AnchorPlay=0.0000000
Opt_SmartAdapt=1.0000000
Opt_FocusMode=1.0000000
Opt_AutoShowGUI=1.0000000

; --- CROSSFADE SETTINGS ---
Global_Crossfade=0.5000000
CF_Audio_0=1.0000000
CF_Audio_1=1.0000000
CF_Audio_2=1.0000000
CF_Audio_3=1.0000000
CF_Audio_4=1.0000000
CF_Audio_5=1.0000000
CF_Audio_6=1.0000000
CF_Audio_7=1.0000000
CF_Genos_0=0.0000000
CF_Genos_1=1.0000000
CF_Genos_2=1.0000000
CF_Genos_3=0.0000000
CF_Genos_4=1.0000000
CF_Genos_5=1.0000000
CF_Genos_6=1.0000000
CF_Genos_7=1.0000000
CF_Genos_8=0.0000000
CF_Genos_9=0.0000000
CF_Genos_10=1.0000000
CF_Genos_11=1.0000000
CF_Genos_12=1.0000000
CF_Genos_13=1.0000000
CF_Genos_14=1.0000000
CF_Genos_15=1.0000000

; --- VST ---
VST1_Name=Omnisphere
VST1_Format=VST3
VST1_Preset=Standard

; --- RECH ---
RECH_12=1.0000000
RECH_13=1.0000000
RECH_14=1.0000000
RECH_15=1.0000000
RECH_16=1.0000000
RECH_17=0.0000000
RECH_26=1.0000000
RECH_27=1.0000000
RECH_29=1.0000000
RECH_30=1.0000000
RECH_31=1.0000000
RECH_113=0.0000000
RECH_125=1.0000000
RECH_126=1.0000000
RECH_127=1.0000000
RECH_162=0.0000000
RECH_179=0.0000000
RECH_196=0.0000000
RECH_213=0.0000000
RECH_230=0.0000000
RECH_247=0.0000000

; --- Ch 1 (Active) ---
Ch1_Scope=1
Ch1_NP_p_PassPitchBend=1.0000000
Ch1_NP_p_PassModWheel=1.0000000
Ch1_NP_p_QuantScale=0.2000000
Ch1_NP_p_FactoryReset=0.0000000

; --- Ch 11 (Active) ---
Ch11_NP_p_PassPitchBend=1.0000000
Ch11_NP_p_PassModWheel=1.0000000
Ch11_NP_p_FactoryReset=0.0000000

; --- Ch 12 (Active) ---
Ch12_Config=COPY_CH11

; --- Ch 13 (Active) ---
Ch13_Config=COPY_CH11

; --- Ch 14 (Active) ---
Ch14_Config=COPY_CH11

; --- Ch 15 (Active) ---
Ch15_Config=COPY_CH11

; --- Ch 16 (Active) ---
Ch16_Config=COPY_CH11

[Looper]

[Timeline]
